{
 "cells": [
  {
   "cell_type": "code",
   "execution_count": 1,
   "metadata": {},
   "outputs": [],
   "source": [
    "%load_ext autoreload\n",
    "%autoreload 2\n",
    "%matplotlib inline"
   ]
  },
  {
   "cell_type": "code",
   "execution_count": 2,
   "metadata": {
    "collapsed": true
   },
   "outputs": [],
   "source": [
    "from py_pol.mueller import Mueller\n",
    "import numpy as np\n"
   ]
  },
  {
   "cell_type": "code",
   "execution_count": 12,
   "metadata": {},
   "outputs": [
    {
     "name": "stdout",
     "output_type": "stream",
     "text": [
      "False\n",
      "M = \n",
      "  [+0.4816, -0.4506, +0.1435, +0.0065]\n",
      "  [-0.4558, +0.4310, -0.1381, -0.0054]\n",
      "  [+0.1470, -0.1392, +0.0427, +0.0041]\n",
      "  [-0.0008, -0.0002, -0.0031, -0.0017]\n",
      "\n",
      "True\n",
      "0.15381960945350728\n",
      "------------------------------------------------------\n",
      "General case.\n",
      "Polar decomposition of the matrix M = Mdesp * Mr * Mp:\n",
      "\n",
      "The depolarizer Mueller matrix is:\n",
      "depolarizer = \n",
      "  [+1.0000, +0.0000, +0.0000, +0.0000]\n",
      "  [-0.6616, +0.2838, -0.0617, -0.0033]\n",
      "  [+0.2351, -0.0617, +0.0463, +0.0029]\n",
      "  [-0.0062, -0.0033, +0.0029, +0.0383]\n",
      "\n",
      "Parameters:\n",
      "  - Polarizance = 0.7021831220980541.\n",
      "  - Depolarization degree = 0.8972454404948197.\n",
      "\n",
      "The retarder Mueller matrix is:\n",
      "retarder = \n",
      "  [+1.0000, +0.0000, +0.0000, +0.0000]\n",
      "  [+0.0000, +0.8774, -0.4405, +0.1900]\n",
      "  [+0.0000, -0.3903, -0.4252, +0.8166]\n",
      "  [+0.0000, -0.2790, -0.7907, -0.5450]\n",
      "\n",
      "Parameters:\n",
      "  - Delay = 123.1189217215953 deg.\n",
      "  - Angle = 8.176621110707059 deg; Delay between components = 186.11570678950983 deg.\n",
      "  - Azimuth = 171.8674473119229 deg; Ellipticity = -0.859459565749161 deg.\n",
      "\n",
      "The diatenuator/polarizer Mueller matrix is:\n",
      "diattenuator = \n",
      "  [+0.4816, -0.4506, +0.1435, +0.0065]\n",
      "  [-0.4506, +0.4455, -0.1130, -0.0051]\n",
      "  [+0.1435, -0.1130, +0.1265, +0.0016]\n",
      "  [+0.0065, -0.0051, +0.0016, +0.0906]\n",
      "\n",
      "Parameters:\n",
      "  - p1 = 0.9769922594986545; p2 = 0.09266162495397293.\n",
      "  - Angle = 81.15943628830072 deg; Delay between components = 2.601408128169015 deg.\n",
      "  - Azimuth = 81.16798021628851 deg; Ellipticity = 0.39492565492308196 deg.\n",
      "  - Max. transmission = 95.45138751202863 %; Min. transmission = 0.8586176739110789 %.\n",
      "\n",
      "The mean square error in the decomposition is: 2.816396045588367e-15\n",
      "The maximum error in the decomposition is: 1.8318679906315083e-15\n",
      "------------------------------------------------------\n"
     ]
    },
    {
     "data": {
      "text/plain": [
       "(depolarizer = \n",
       "   [+1.0000, +0.0000, +0.0000, +0.0000]\n",
       "   [-0.6616, +0.2838, -0.0617, -0.0033]\n",
       "   [+0.2351, -0.0617, +0.0463, +0.0029]\n",
       "   [-0.0062, -0.0033, +0.0029, +0.0383], retarder = \n",
       "   [+1.0000, +0.0000, +0.0000, +0.0000]\n",
       "   [+0.0000, +0.8774, -0.4405, +0.1900]\n",
       "   [+0.0000, -0.3903, -0.4252, +0.8166]\n",
       "   [+0.0000, -0.2790, -0.7907, -0.5450], diattenuator = \n",
       "   [+0.4816, -0.4506, +0.1435, +0.0065]\n",
       "   [-0.4506, +0.4455, -0.1130, -0.0051]\n",
       "   [+0.1435, -0.1130, +0.1265, +0.0016]\n",
       "   [+0.0065, -0.0051, +0.0016, +0.0906])"
      ]
     },
     "execution_count": 12,
     "metadata": {},
     "output_type": "execute_result"
    }
   ],
   "source": [
    "matrix = [\n",
    "    [0.48050155, -0.44967006, 0.14308173, 0.0065728],\n",
    "    [-0.45682314, 0.4319528, -0.13847281, -0.00538667],\n",
    "    [0.14735266, -0.13947895, 0.04282691, 0.00400623],\n",
    "    [-0.00082672, -0.00028253, -0.00318521, -0.00175659]\n",
    "]\n",
    "M = Mueller()\n",
    "M.from_matrix(matrix)\n",
    "print(M.checks.is_physical(tol=0))\n",
    "M2 = M.analysis.filter_physical_conditions(tol=0)\n",
    "print(M2)\n",
    "print(M2.checks.is_physical(tol=0))\n",
    "print(M2.parameters.depolarization_index())\n",
    "M2.analysis.decompose_polar(verbose=True)"
   ]
  },
  {
   "cell_type": "code",
   "execution_count": null,
   "metadata": {},
   "outputs": [],
   "source": []
  },
  {
   "cell_type": "code",
   "execution_count": 13,
   "metadata": {},
   "outputs": [],
   "source": [
    "from diffractio import scalar_fields_X"
   ]
  },
  {
   "cell_type": "code",
   "execution_count": null,
   "metadata": {},
   "outputs": [],
   "source": []
  }
 ],
 "metadata": {
  "kernelspec": {
   "display_name": "Python 3",
   "language": "python",
   "name": "python3"
  },
  "language_info": {
   "codemirror_mode": {
    "name": "ipython",
    "version": 3
   },
   "file_extension": ".py",
   "mimetype": "text/x-python",
   "name": "python",
   "nbconvert_exporter": "python",
   "pygments_lexer": "ipython3",
   "version": "3.7.1"
  },
  "toc": {
   "colors": {
    "hover_highlight": "#DAA520",
    "navigate_num": "#000000",
    "navigate_text": "#333333",
    "running_highlight": "#FF0000",
    "selected_highlight": "#FFD700",
    "sidebar_border": "#EEEEEE",
    "wrapper_background": "#FFFFFF"
   },
   "moveMenuLeft": true,
   "nav_menu": {
    "height": "104px",
    "width": "254px"
   },
   "navigate_menu": true,
   "number_sections": true,
   "sideBar": true,
   "threshold": 4,
   "toc_cell": true,
   "toc_section_display": "block",
   "toc_window_display": true,
   "widenNotebook": false
  },
  "varInspector": {
   "cols": {
    "lenName": 16,
    "lenType": 16,
    "lenVar": 40
   },
   "kernels_config": {
    "python": {
     "delete_cmd_postfix": "",
     "delete_cmd_prefix": "del ",
     "library": "var_list.py",
     "varRefreshCmd": "print(var_dic_list())"
    },
    "r": {
     "delete_cmd_postfix": ") ",
     "delete_cmd_prefix": "rm(",
     "library": "var_list.r",
     "varRefreshCmd": "cat(var_dic_list()) "
    }
   },
   "types_to_exclude": [
    "module",
    "function",
    "builtin_function_or_method",
    "instance",
    "_Feature"
   ],
   "window_display": true
  }
 },
 "nbformat": 4,
 "nbformat_minor": 2
}
